5911
3075
7254
9000
9234
1967
2531
8934
1108
6379
7941
692
5203
1670
6399
1277
4789
6182
9509
7931
8073
2090
7325
6328
5371
5699
6721
9366
3627
6139
6080
3800
3401
9376
1750
6880
3056
4960
8744
723
8991
5509
2313
1596
6368
9035
3740
7847
4599
3522
1437
9102
7106
9097
6822
8967
1917
5135
5027
6607
1900
3465
5073
143
7869
721
2440
5615
4744
3840
3065
1914
8877
3779
489
9254
596
4652
1913
9148
4699
2974
6391
1073
7469
709
3530
6467
1957
46
4709
5674
3004
9089
4597
1018
3887
2214
8041
7662
5374
5752
7898
6581
7481
5888
2442
4989
4370
399
6896
7487
5435
2021
8790
6562
6714
8251
9775
5177
5947
1602
5232
5910
3847
728
2205
6697
1100
1240
9003
2525
7256
9515
2264
8224
974
5002
4649
7817
1770
8639
5344
8587
131
5414
6916
3729
4295
1104
54
2702
2873
6677
6874
322
5310
2509
838
4687
9758
9072
5950
9524
1406
6705
2240
1877
1678
7767
5075
1350
996
6698
5034
3292
232
4704
6054
2360
8829
3542
9162
669
949
7747
2285
9086
9080
3926
4620
1404
6395
4462
4540
5495
9638
3485
6545
4182
8336
2712
816
1850
8469
7019
3200
7537
4826
8735
231
9745
4459
6072
7473
9512
6135
4245
4077
9779
1868
2137
592
1285
5010
6130
3955
5737
4836
529
9190
8566
6932
8401
1685
4553
8807
9788
9267
6257
3834
1455
7998
2042
7268
3569
7165
1937
551
4810
4411
3138
2643
4363
7208
2890
8248
213
7619
3448
1689
4523
3381
6180
6396
1421
465
7263
5384
673
7701
1872
5191
6500
8692
573
3867
1783
3204
7179
1983
9715
9042
9768
3725
8954
452
3596
1749
5505
7260
4342
8384
8218
2400
2892
165
6359
9375
2500
8968
3829
5836
327
9001
3754
8707
1856
7168
8657
6252
103
9731
4149
2922
6259
3475
7972
7095
8255
8651
1721
6905
5453
4730
3203
3560
9142
3237
3489
5392
2165
4736
5534
3895
8387
1004
5815
9884
80
5848
6997
6801
6334
824
2115
3434
5450
8208
9613
8518
6289
9527
6821
8925
4032
3763
1008
5025
6442
6644
900
9820
5398
3144
6019
1370
7721
3149
6472
7753
2513
2190
6760
2899
807
8556
4205
4218
9809
6389
9314
8684
7236
916
1535
513
7338
4672
7784
2476
9627
1276
7169
7539
2080
4626
2168
7020
4016
9844
6104
7420
5336
3240
2130
7810
6475
8824
6159
3422
1817
1459
5852
6038
1153
3258
5725
5056
6621
5522
1798
2182
2299
448
993
3866
6154
495
9501
2994
8630
9181
5058
3585
8830
9535
5274
5503
1319
4119
6497
3861
4632
2714
6271
5493
4127
5605
1343
7296
2604
4425
500
1618
7612
7429
9074
7668
9460
8616
1185
8181
185
2102
7305
6008
5816
124
6975
6900
3442
390
7580
7191
1985
9529
1714
6591
7482
9644
5448
3541
1865
2880
176
9128
2023
3036
2982
5026
2583
6626
7434
3770
5991
8491
924
8804
1256
